1 page: [1760, 320, 336, 1376, 512, 320, 864, 480, 320, 384, 224, 640, 320, 256, 1394, 512, 672, 384, 416, 288, 288, 416, 224, 512, 544, 512, 448, 960, 640, 320, 256, 576, 864, 672, 256, 832, 416, 880, 288, 992, 320, 704, 512, 320, 672, 736, 224, 640]
2 page: [256, 1088, 512, 384, 576, 352, 224, 768, 352, 256, 512, 288, 704, 224, 448, 304, 640, 320, 480, 352, 992, 672, 352, 320, 448, 704, 320, 640, 688, 1024, 480, 384, 544, 384, 880, 128, 352, 608, 800, 304, 480, 256, 576, 640, 352, 640, 1131, 256]
3 page: [512, 416, 320, 928, 224, 608, 256, 544, 352, 224, 496, 352, 640, 672, 608, 704, 480, 880, 800, 160, 288, 720, 416, 800, 320, 320, 608, 1328, 1024, 416, 160, 384, 320, 224, 288, 1536, 1232, 864, 448, 480, 224, 256, 352, 320, 352]
4 page: [672, 960, 384, 1408, 256, 672, 224, 448, 736, 224, 416, 1184, 864, 256, 416, 704, 320, 320, 832, 992, 832, 448, 352, 512, 224, 640, 736, 800, 1248, 512, 480, 1088, 320, 416, 128, 288, 480, 416, 288, 384, 640, 480, 288, 592, 640, 608, 384]
5 page: [416, 288, 768, 416, 704, 416, 832, 704, 384, 256, 640, 192, 512, 288, 384, 352, 512, 704, 224, 704, 352, 320, 288, 400, 448, 320, 592, 384, 832, 384, 352, 544, 384, 768, 352, 320, 432, 640, 992, 192, 448, 480, 320, 576, 256]
6 page: [512, 640, 992, 576, 448, 960, 480, 320, 512, 384, 544, 288, 1024, 352, 416, 880, 256, 160, 832, 1216, 1120, 576, 320, 416, 704, 512, 544, 608, 320, 2048, 352, 608, 256, 480, 480, 736, 672, 224, 448, 448, 544, 320, 474, 480, 960, 384, 416]
7 page: [496, 320, 608, 480, 256, 384, 1312, 320, 480, 928, 384, 448, 320, 1312, 288, 480, 288, 798, 416, 352, 1088, 640, 640, 768, 480, 384, 352, 320, 384, 480, 320, 1216, 896, 608, 512, 832, 160, 352, 416, 576, 384, 288, 448, 416, 256, 384, 288]
8 page: [320, 704, 1088, 416, 383, 256, 1152, 352, 352, 800, 736, 416, 704, 1120, 1376, 448, 544, 544, 384, 160, 736, 192, 992, 512, 384, 384, 896, 448, 976, 768, 672, 544, 320, 320, 320, 1088, 384, 352, 160, 768, 384, 512, 512, 768, 256, 384, 1424, 576]
9 page: [352, 224, 480, 672, 704, 320, 288, 704, 480, 384, 960, 800, 608, 416, 800, 352, 448, 416, 288, 832, 288, 288, 352, 320, 512, 384, 736, 1728, 160, 672, 176, 1088, 288, 224, 288, 576, 736, 544, 384, 384, 832, 320, 672, 448, 704, 288, 320, 256]
10 page: [480, 384, 864, 416, 618, 544, 288, 352, 448, 512, 384, 640, 224, 256, 992, 624, 576, 576, 512, 320, 832, 352, 704, 288, 128, 736, 608, 256, 320, 480, 944, 1200, 640, 256, 480, 704, 576, 320, 400, 1280, 416, 896, 320, 224, 448, 672, 768, 512]
11 page: [544, 288, 672, 448, 416, 288, 400, 288, 288, 704, 1440, 288, 320, 256, 736, 320, 512, 896, 288, 384, 480, 480, 320, 352, 480, 224, 192, 1072, 416, 416, 544, 256, 384, 832, 320, 320, 416, 416, 864, 1056, 1184, 224, 800, 320, 544, 320, 704, 224]
12 page: [256, 480, 320, 320, 512, 224, 384, 384, 416, 192, 352, 704, 384, 800, 576, 352, 864, 320, 736, 768, 704, 192, 448, 320, 1472, 864, 864, 384, 448, 352, 416, 352, 256, 288, 256, 512, 384, 640, 576, 416, 800, 608, 608, 512, 256, 224, 224]
13 page: [672, 672, 352, 224, 416, 448, 544, 480, 352, 448, 288, 480, 1280, 288, 608, 544, 384, 640, 256, 640, 288, 704, 352, 352, 448, 448, 2496, 224, 288, 1120, 544, 320, 1056, 640, 320, 416, 320, 896, 320, 352, 224, 416, 448, 320, 768, 736, 320]
14 page: [288, 880, 864, 384, 352, 352, 384, 352, 864, 608, 272, 480, 608, 720, 253, 256, 160, 576, 864, 640, 608, 384, 320, 288, 544, 224, 960, 640, 1184, 320, 288, 384, 672, 672, 256, 384, 384, 352, 576, 320, 608, 320, 448, 896, 960, 480, 800, 864]
15 page: [640, 352, 288, 880, 320, 288, 320, 320, 320, 192, 320, 480, 544, 480, 992, 544, 128, 320, 288, 352, 992, 288, 544, 640, 480, 700, 384, 224, 416, 384, 256, 416, 416, 512, 640, 352, 416, 416, 320, 384, 992, 384, 384, 544, 512, 256, 352, 608]
16 page: [576, 608, 160, 544, 368, 672, 1024, 320, 320, 416, 384, 352, 384, 384, 736, 352, 352, 192, 864, 352, 416, 640, 448, 608, 608, 448, 384, 352, 320, 736, 384, 320, 320, 320, 704, 480, 320, 1120, 1088, 640, 512, 704, 416, 544, 608, 512, 256]
17 page: [416, 864, 608, 224, 576, 608, 416, 640, 384, 320, 256, 480, 576, 288, 416, 352, 256, 400, 352, 928, 256, 352, 608, 576, 544, 320, 384, 448, 624, 672, 992, 416, 704, 384, 544, 416, 416, 448, 320, 768, 992, 384, 416, 352, 384, 256, 352, 512]
18 page: [448, 448, 480, 224, 544, 1008, 288, 544, 640, 320, 448, 672, 768, 416, 320, 320, 352, 320, 416, 320, 224, 1024, 416, 448, 384, 352, 512, 608, 480, 640, 416, 608, 320, 640, 384, 224, 512, 608, 112, 448, 640, 640, 448, 416, 384, 128, 640, 928]
19 page: [1072, 992, 320, 320, 864, 704, 352, 320, 1792, 1424, 320, 288, 992, 640, 480, 288, 320, 672, 352, 480, 320, 512, 384, 384, 320, 320, 384, 512, 928, 288, 608, 800, 576, 608, 320, 704, 320, 320, 272, 992, 352, 384, 448, 320, 608, 480, 352, 1472]
20 page: [544, 592, 416, 416, 384, 384, 1024, 384, 640, 1184, 256, 384, 480, 400, 544, 224, 1216, 320, 896, 256, 512, 832, 896, 256, 416, 672, 768, 352, 640, 224, 480, 416, 320, 320, 928, 928, 448, 480, 832, 448, 768, 320, 352, 288, 512, 608]
21 page: [352, 448, 448, 416, 320, 416, 544, 576, 224, 320, 448, 320, 320, 320, 416, 608, 224, 256, 416, 800, 704, 896, 832, 1632, 320, 672, 480, 256, 224, 480, 832, 576, 352, 480, 512, 416, 576, 384, 384, 384, 384, 608, 560, 224, 544]
22 page: [224, 384, 592, 672, 448, 288, 288, 800, 608, 320, 384, 384, 384, 480, 320, 768, 672, 576, 544, 480, 256, 320, 960, 736, 416, 480, 160, 320, 256, 320, 640, 672, 896, 320, 480, 224, 288, 320, 288, 288, 384, 640, 416, 288, 672, 400, 544, 544]
23 page: [320, 768, 480, 416, 320, 672, 320, 416, 384, 576, 640, 352, 288, 320, 320, 384, 320, 256, 640, 256, 352, 416, 288, 480, 512, 288, 704, 512, 672, 416, 480, 400, 352, 288, 448, 288, 512, 256, 288, 448, 384, 288, 640, 512, 384]
24 page: [480, 400, 416, 1008, 544, 480, 480, 288, 288, 512, 288, 448, 512, 416, 352, 704, 288, 832, 1024, 928, 256, 448, 672, 320, 512, 384, 352, 736, 256, 224, 512, 960, 736, 320, 416, 512, 478, 384, 320, 288, 256, 896, 960, 480, 512, 768]
25 page: [256, 848, 1584, 320, 544, 480, 320, 288, 448, 320, 640, 640, 256, 480, 992, 928, 224, 320, 544, 448, 256, 640, 352, 272, 384, 256, 352, 320, 576, 768, 224, 416, 224, 480, 352, 480, 352, 256, 448, 608, 640, 288, 640, 224, 624, 512, 768]
26 page: [880, 640, 320, 432, 736, 512, 352, 704, 288, 800, 384, 576, 640, 320, 352, 352, 480, 256, 400, 512, 480, 512, 320, 320, 608, 512, 1248, 480, 320, 320, 384, 512, 640, 736, 864, 256, 560, 480, 256, 320, 320, 880, 256, 288, 352, 320, 640]
27 page: [480, 320, 640, 320, 448, 576, 640, 416, 448, 416, 352, 448, 416, 480, 256, 256, 352, 608, 224, 320, 448, 352, 640, 448, 224, 320, 960, 896, 416, 704, 416, 544, 320, 448, 864, 288, 640, 992, 768, 256, 520, 288, 704, 928, 448]
28 page: [352, 352, 352, 160, 352, 448, 640, 832, 256, 384, 288, 608, 128, 576, 768, 128, 160, 448, 256, 384, 256, 640, 640, 1024, 192, 352, 384, 704, 160, 576, 480, 448, 384, 320, 416, 384, 544, 544, 416, 480, 384, 288, 224, 800, 320, 400, 384]
29 page: [672, 288, 256, 480, 416, 160, 768, 672, 736, 800, 444, 576, 608, 448, 320, 640, 256, 512, 400, 320, 704, 384, 448, 224, 448, 544, 640, 448, 480, 640, 544, 384, 224, 448, 448, 512, 256, 352, 544, 864, 320, 544, 640, 544, 448, 616, 832]
30 page: [624, 896, 832, 992, 288, 320, 480, 640, 1552, 224, 928, 448, 416, 160, 480, 256, 672, 256, 448, 320, 320, 480, 352, 320, 224, 256, 576, 480, 448, 208, 480, 288, 224, 320, 544, 768, 384, 960, 384, 576, 512, 704, 512, 704, 384, 160, 832]
31 page: [224, 384, 320, 416, 224, 608, 352, 224, 384, 240, 432, 192, 320, 352, 576, 224, 768, 960, 224, 352, 320, 224, 640, 832, 512, 256, 320, 384, 320, 1696, 960, 608, 480, 640, 224, 352, 416, 304, 416, 320, 384, 480, 1072, 640, 736, 352]
32 page: [384, 320, 576, 224, 480, 352, 320, 192, 320, 480, 576, 192, 544, 416, 416, 416, 652, 416, 416, 352, 432, 288, 704, 448, 352, 448, 544, 832, 288, 256, 288, 672, 320, 576, 416, 416, 224, 384, 192, 384, 256, 624, 448, 544, 512]
33 page: [864, 1024, 320, 320, 320, 224, 512, 256, 1120, 992, 416, 448, 224, 416, 608, 256, 352, 720, 192, 256, 256, 192, 448, 256, 352, 736, 480, 384, 480, 688, 704, 336, 256, 224, 224, 88, 352, 416, 384, 448, 416, 320, 384, 464, 224, 320, 768]
34 page: [544, 448, 832, 416, 352, 544, 544, 352, 320, 320, 320, 224, 512, 448, 512, 320, 608, 448, 416, 832, 160, 320, 640, 1248, 1264, 448, 384, 512, 256, 544, 640, 1920, 448, 384, 480, 416, 384, 288, 224, 768, 896, 416, 320, 464, 384, 608, 224]
35 page: [320, 192, 512, 400, 448, 416, 256, 256, 896, 544, 416, 1792, 448, 704, 320, 384, 288, 416, 544, 640, 320, 288, 320, 448, 352, 320, 640, 672, 256, 832, 608, 672, 384, 416, 512, 208, 320, 768, 448, 672, 768, 416, 464, 512, 320, 528, 864]
36 page: [288, 416, 784, 480, 480, 640, 384, 640, 800, 992, 525, 192, 352, 416, 352, 384, 320, 512, 576, 320, 480, 192, 608, 541, 480, 352, 288, 640, 768, 432, 352, 544, 384, 800, 608, 864, 512, 320, 288, 320, 544, 928, 480, 16, 448, 448, 384, 384]
37 page: [224, 512, 544, 544, 480, 640, 256, 384, 448, 480, 288, 384, 384, 352, 1344, 800, 288, 352, 416, 352, 304, 320, 320, 384, 368, 448, 704, 256, 320, 384, 384, 416, 416, 608, 224, 544, 320, 256, 320, 416, 416, 384, 1088, 720, 1152, 160, 608]
38 page: [256, 368, 384, 448, 480, 416, 272, 640, 480, 544, 288, 352, 384, 400, 608, 352, 672, 352, 416, 352, 384, 672, 480, 576, 736, 544, 672, 352, 752, 384, 512, 1072, 192, 640, 224, 384, 640, 304, 928, 224, 256, 288, 384, 512, 352, 640, 640]
39 page: [480, 448, 448, 480, 320, 448, 544, 320, 416, 928, 352, 800, 352, 320, 1376, 256, 320, 512, 320, 384, 320, 416, 480, 544, 448, 672, 224, 352, 512, 256, 1248, 384, 384, 560, 480, 416, 608, 352, 320, 384, 320, 320, 656, 320, 160, 448, 384]
40 page: [288, 960, 352, 448, 416, 320, 320, 880, 320, 800, 384, 416, 352, 256, 608, 704, 448, 448, 480, 544, 544, 448, 384, 384, 320, 992, 704, 224, 288, 512, 960, 352, 384, 400, 480, 448, 544, 512, 384, 896, 448, 800, 288, 160, 320, 512, 640]
41 page: [320, 320, 288, 736, 480, 256, 416, 608, 320, 480, 448, 352, 416, 384, 736, 864, 288, 544, 384, 288, 608, 320, 288, 448, 256, 192, 1328, 304, 320, 352, 448, 448, 544, 416, 416, 640, 768, 48, 352, 416, 416, 864, 352, 768, 416, 928]
42 page: [832, 416, 760, 480, 384, 480, 576, 736, 480, 256, 368, 416, 320, 256, 384, 448, 448, 576, 544, 960, 320, 320, 736, 768, 368, 344, 352, 224, 416, 352, 640, 544, 320, 448, 735, 384, 416, 384, 288, 416, 288, 224, 384, 320, 288, 416, 384, 736]
43 page: [320, 800, 848, 416, 448, 928, 492, 416, 576, 608, 288, 768, 176, 288, 256, 544, 320, 576, 272, 384, 256, 256, 384, 480, 288, 416, 512, 448, 512, 1024, 224, 640, 256, 479, 352, 480, 320, 256, 416, 352]
44 page: [544, 320, 480, 1056, 384, 320, 352, 448, 800, 320, 256, 320, 384, 320, 416, 288, 288, 320, 544, 88, 800, 320, 352, 640, 416, 256, 320, 320, 576, 288, 352, 416, 288, 416, 320, 416, 320, 352, 256, 480, 384, 192, 608, 384, 512, 512, 480]
45 page: [352, 928, 352, 352, 544, 992, 192, 352, 864, 768, 448, 864, 2368, 448, 544, 256, 416, 320, 512, 352, 768, 576, 352, 544, 512, 352, 384, 640, 160, 360, 224, 384, 512, 416, 416, 544, 288, 448, 352, 480, 864, 448, 512, 416]
46 page: [317, 672, 416, 704, 352, 864, 480, 352, 640, 512, 384, 256, 656, 136, 320, 320, 320, 416, 400, 288, 256, 480, 480, 608, 384, 480, 224, 912, 416, 352, 352, 384, 282, 544, 320, 416, 384, 416, 868, 256, 352, 672, 384, 256, 416, 256, 416]
47 page: [480, 256, 320, 384, 512, 352, 864, 1328, 224, 384, 320, 608, 448, 320, 288, 448, 224, 544, 480, 288, 416, 576, 544, 544, 384, 256, 544, 768, 352, 448, 352, 640, 224, 480, 384, 448, 608, 544, 928, 416, 512, 288, 672, 896, 224, 736, 192, 384]
48 page: [576, 384, 352, 384, 512, 384, 448, 320, 352, 288, 384, 608, 320, 416, 224, 608, 448, 424, 288, 352, 512, 320, 928, 928, 576, 512, 608, 320, 352, 320, 272, 416, 960, 352, 384, 608, 288, 352, 304, 480, 352, 928, 288, 320, 352, 416, 512]
49 page: [704, 480, 352, 512, 320, 352, 320, 32, 320, 320, 128, 608, 576, 288, 544, 480, 832, 384, 384, 352, 608, 352, 320, 704, 480, 800, 224, 320, 192, 384, 352, 448, 512, 864, 224, 320, 352, 432, 320, 96, 400, 352, 352, 352, 352]
50 page: [608, 384, 416, 224, 896, 24, 384, 656, 848, 640, 416, 224, 448, 352, 416, 1376, 224, 544, 256, 384, 320, 384, 496, 320, 352, 352, 448, 624, 672, 352, 448, 352, 960, 640, 640, 416, 736, 672, 360, 384, 416, 416, 224, 256, 544, 416]
51 page: [384, 320, 256, 416, 544, 288, 224, 544, 224, 448, 320, 512, 608, 416, 416, 704, 1120, 448, 640, 448, 320, 703, 192, 256, 176, 416, 416, 320, 1952, 448, 232, 960, 256, 320, 352, 544, 864, 256, 288, 576, 320, 384, 416, 544, 640, 480]
52 page: [384, 392, 448, 448, 560, 560, 352, 608, 320, 608, 800, 704, 352, 640, 608, 544, 352, 672, 288, 896, 384, 560, 480, 464, 320, 480, 288, 768, 800, 800, 384, 320, 384, 480, 416, 384, 416, 256, 640, 640, 32, 352, 528, 416, 416, 384]
53 page: [320, 576, 256, 480, 288, 512, 240, 448, 608, 256, 256, 512, 640, 1312, 688, 352, 352, 256, 416, 672, 832, 1024, 1696, 288, 800, 352, 672, 416, 592, 448, 288, 512, 800, 416, 352, 696, 624, 288, 512, 384, 416, 384, 576, 224, 160, 384]
54 page: [512, 480, 416, 640, 416, 192, 352, 416, 416, 352, 384, 384, 640, 704, 608, 160, 384, 352, 416, 288, 800, 352, 608, 744, 672, 320, 416, 160, 512, 448, 480, 160, 800, 488, 285, 384, 256, 736, 512, 480, 224, 304, 416, 480, 608]
55 page: [640, 544, 256, 608, 576, 624, 384, 288, 416, 184, 222, 480, 288, 352, 320, 512, 288, 480, 352, 320, 382, 446, 256, 416, 448, 352, 960, 320, 448, 448, 384, 928, 608, 864, 928, 448, 224, 928, 320, 352, 384, 384, 416, 800, 352, 288, 448]
56 page: [512, 576, 320, 352, 384, 640, 448, 544, 480, 672, 752, 160, 128, 544, 320, 416, 320, 576, 416, 672, 960, 608, 416, 352, 384, 448, 640, 448, 429, 384, 320, 320, 384, 352, 448, 384, 576, 512, 288, 304, 384, 704, 416, 320, 640, 704]
57 page: [608, 576, 224, 320, 352, 352, 448, 192, 352, 384, 384, 320, 640, 32, 320, 832, 288, 640, 640, 928, 480, 608, 416, 416, 352, 288, 800, 416, 384, 480, 384, 352, 192, 320, 288, 384, 288, 960, 544, 352, 544, 240, 608, 144, 24, 288, 288, 320]
58 page: [448, 512, 512, 480, 256, 448, 224, 448, 416, 352, 416, 576, 352, 576, 352, 448, 288, 320, 672, 240, 400, 288, 512, 352, 368, 448, 240, 288, 736, 736, 832, 576, 448, 287, 480, 544, 448, 352, 288, 576, 320, 720, 576, 384, 440, 320]
59 page: [160, 320, 736, 224, 320, 416, 384, 288, 288, 480, 136, 736, 240, 288, 448, 576, 448, 624, 608, 160, 416, 576, 336, 320, 1056, 256, 448, 224, 352, 608, 88, 32, 512, 560, 420, 528, 256, 384, 544, 512, 320, 608, 1056, 1088, 432, 352, 512]
60 page: [672, 1392, 480, 480, 448, 672, 640, 768, 608, 448, 480, 576, 896, 432, 448, 384, 320, 320, 384, 480, 352, 768, 351, 816, 352, 480, 868, 320, 192, 720, 928, 416, 512, 352, 416, 480, 352, 480, 416, 416, 416, 512, 640, 368, 320, 640, 640, 768]
61 page: [640, 640, 768, 416, 512, 640, 448, 624, 384, 416, 576, 416, 384, 400, 224, 384, 352, 320, 368, 272, 432, 416, 480, 416, 256, 288, 448, 224, 544, 544, 480, 544, 832, 416, 448, 416, 384, 256, 352, 384, 448, 608, 720, 94]
62 page: [416, 281, 224, 416, 256, 416, 288, 256, 224, 592, 352, 384, 320, 288, 544, 480, 704, 320, 384, 352, 256, 384, 352, 352, 576, 800, 320, 384, 320, 928, 416, 576, 432, 448, 800, 288, 416, 256, 448, 480, 672, 448, 160, 575, 352, 416, 768]
63 page: [560, 480, 544, 288, 352, 416, 320, 544, 640, 704, 445, 640, 224, 352, 928, 640, 448, 352, 352, 576, 672, 176, 216, 320, 416, 384, 640, 576, 480, 288, 896, 288, 416, 370, 448, 816, 288, 352, 416, 288, 704, 216, 544, 224, 352, 352, 320]
64 page: [400, 464, 224, 448, 384, 320, 1024, 320, 576, 256, 384, 384, 1360, 528, 384, 320, 320, 608, 480, 512, 384, 480, 416, 352, 320, 352, 1760, 352, 352, 384, 288, 416, 320, 640, 576, 640, 544, 448, 896, 256, 416, 512, 576, 352, 448, 416]
65 page: [256, 608, 320, 384, 640, 512, 480, 448, 510, 480, 704, 352, 288, 384, 480, 608, 768, 320, 271, 320, 1424, 384, 256, 352, 416, 640, 576, 384, 352, 320, 320, 320, 480, 320, 608, 320, 896, 496, 544, 448, 640, 512, 480, 192, 448, 192, 288]
66 page: [352, 448, 384, 528, 512, 464, 308, 384, 256, 416, 384, 416, 640, 640, 512, 448, 352, 352, 416, 512, 320, 416, 848, 320, 320, 320, 384, 352, 480, 352, 448, 462, 352, 288, 352, 384, 160, 192, 336, 448, 252, 607, 288, 320, 320, 416, 288]
67 page: [544, 448, 416, 544, 256, 416, 704, 208, 496, 384, 320, 432, 288, 320, 320, 320, 544, 704, 416, 620, 640, 640, 216, 368, 320, 480, 224, 320, 512, 416, 656, 368, 416, 384, 320, 128, 544, 448, 320, 384, 216, 448, 784, 320]
68 page: [352, 256, 480, 256, 288, 320, 256, 416, 496, 16, 480, 736, 160, 192, 192, 512, 224, 544, 448, 192, 96, 416, 656, 320, 480, 544, 640, 320, 304, 184, 416, 528, 346, 80, 512, 544, 352, 352, 416, 448, 424, 272, 464]
69 page: [416, 272, 320, 384, 320, 512, 432, 896, 1088, 608, 344, 448, 416, 320, 864, 253, 320, 544, 272, 416, 320, 1104, 416, 400, 448, 352, 320, 288, 224, 230, 432, 416, 320, 608, 416, 480, 480, 544, 544, 352, 256, 352, 288, 640, 672, 384]
70 page: [688, 624, 384, 704, 384, 352, 480, 415, 640, 800, 544, 544, 282, 448, 576, 416, 544, 542, 224, 496, 464, 112, 264, 416, 416, 368, 560, 512, 184, 288, 352, 576, 544, 608, 384, 288, 416, 256, 704, 512, 320, 480]
71 page: [544, 480, 288, 384, 608, 383, 448, 352, 96, 816, 224, 192, 448, 703, 288, 448, 512, 416, 256, 356, 320, 320, 320, 288, 608, 352, 256, 288, 576, 880, 224, 32, 224, 448, 336, 352, 288, 351, 336, 352, 512, 736, 576, 672, 592, 560]
72 page: [716, 608, 736, 352, 448, 256, 384, 576, 544, 384, 640, 447, 576, 1296, 768, 1408, 384, 448, 352, 416, 416, 224, 416, 384, 416, 544, 352, 640, 320, 384, 1696, 480, 256, 480, 608, 704, 640, 352, 624, 192, 736, 192, 560, 288, 352, 704]
73 page: [432, 240, 272, 256, 424, 784, 352, 288, 384, 384, 640, 140, 416, 672, 416, 224, 256, 544, 480, 416, 696, 864, 352, 320, 320, 496, 304, 287, 448, 216, 409, 424, 540, 329, 352, 384, 288, 159, 848]
74 page: [288, 285, 1184, 160, 448, 256, 544, 160, 160, 352, 200, 272, 328, 320, 256, 302, 96, 516, 320, 288, 448, 304, 468, 544, 544, 283, 432, 384, 352, 640, 288, 416, 216, 320, 416, 192, 606, 318, 928, 432, 672, 200, 368, 832, 672, 736]
75 page: [448, 416, 416, 608, 576, 736, 992, 224, 448, 418, 648, 355, 656, 352, 256, 480, 144, 464, 512, 176, 80, 416, 448, 704, 320, 384, 448, 271, 320, 425, 672, 352, 352, 576, 288, 206, 480, 320, 336, 157, 511]
76 page: [32, 320, 272, 352, 384, 576, 384, 480, 352, 832, 126, 512, 320, 605, 430, 992, 168, 116, 480, 608, 512, 672, 416, 416, 800, 352, 296, 344, 288, 640, 455, 768, 184, 508, 384, 544, 400, 478, 608, 512, 224, 416, 608, 640, 244]
77 page: [320, 672, 256, 320, 224, 368, 480, 416, 304, 176, 448, 608, 368, 448, 162, 528, 416, 672, 512, 352, 480, 448, 173, 80, 256, 312, 1264, 480, 320, 96, 624, 544, 621, 672, 316, 344, 480, 1216, 688]
78 page: [448, 416, 224, 614, 736, 512, 640, 432, 704, 528, 136, 352, 464, 528, 624, 416, 416, 352, 544, 256, 704, 304, 224, 416, 272, 688, 448, 96, 480, 512, 352, 80, 1536, 351, 304, 816, 320, 176, 312, 224, 352, 832, 320, 200]
79 page: [384, 384, 272, 240, 112, 110, 448, 416, 560, 480, 416, 224, 480, 800, 352, 160, 354, 872, 208, 96, 152, 576, 608, 544, 156, 334, 448, 416, 416, 344, 464, 352, 1072, 512, 512, 416, 400, 608, 608, 446, 608, 928, 640, 256, 576]
80 page: [3168, 4152, 191, 240, 702, 316, 544, 364, 224, 3968, 416, 384, 224, 464, 224, 656, 256, 512, 320, 268, 112, 288, 176, 704, 320, 352, 480, 384, 239, 304, 350, 195, 415, 192, 1328, 255, 464, 200, 288, 416, 413, 800]
81 page: [576, 560, 160, 480, 576, 528, 128, 320, 320, 592, 783, 416, 287, 544, 192, 416, 352, 214, 544, 576, 704, 384, 528, 448, 335, 512, 360, 416, 384, 608, 480, 352, 472, 640, 480, 703, 304, 400, 576, 637, 472]
82 page: [608, 366, 880, 287, 136, 239, 384, 66, 270, 256, 288, 288, 288, 656, 136, 288, 384, 224, 416, 384, 592, 102, 576, 352, 528, 264, 288, 318, 246, 256, 704, 256, 136, 352, 549, 494, 472, 512, 384, 176, 142, 320]
83 page: [640, 120, 382, 280, 287, 384, 384, 192, 112, 476, 576, 512, 512, 528, 704, 288, 384, 352, 255, 288, 420, 448, 222, 472, 688, 34, 592, 94, 320, 416, 400, 400, 288, 288, 576, 334, 480, 640, 166]
84 page: [512, 288, 639, 416, 1088, 872, 640, 102, 598, 6288, 224, 352, 313, 480, 415, 574, 496, 486, 570, 228, 208, 320, 368, 338, 700, 384, 192, 864, 544, 193, 167, 212, 912, 416, 633, 684, 428, 392, 176, 172]
85 page: [448, 224, 224, 210, 214, 560, 544, 312, 384, 247, 272, 319, 232, 768, 382, 195, 536, 592, 864, 416, 350, 320, 1192, 208, 584, 320, 352, 282, 384, 346, 328, 512, 432, 416, 1278, 192, 160, 344, 384, 544, 352, 312, 960, 164]
86 page: [384, 576, 464, 640, 512, 768, 304, 550, 576, 208, 436, 560, 548, 398, 470, 74, 320, 384, 146, 542, 512, 528, 456, 400, 384, 384, 198, 388, 448, 527, 416, 288, 384, 560, 338, 848, 320, 512]
87 page: [992, 840, 656, 189, 904, 859, 350, 288, 60, 76, 800, 62, 224, 528, 472, 352, 368, 314, 432, 312, 368, 62, 406, 320, 292, 128, 136, 368, 304, 272, 368, 176, 80, 290, 440, 532, 730, 448, 416, 126, 164]
88 page: [512, 244, 167, 256, 320, 222, 173, 276, 205, 115, 259, 287, 320, 224, 192, 176, 248, 520, 349, 375, 367, 236, 323, 167, 440, 378, 594, 568, 764, 640, 384, 448, 142, 126, 178, 212, 218, 230, 204, 544, 184, 96]
89 page: [352, 244, 176, 296, 384, 406, 482, 216, 236, 335, 352, 512, 560, 240, 544, 304, 175, 480, 342, 470, 287, 454, 264, 640, 384, 203, 336, 102, 384, 400, 273, 321, 255, 496, 392, 672, 128, 200, 672, 352, 256, 224, 608, 160]
90 page: [384, 288, 368, 288, 496, 496, 570, 528, 496, 384, 576, 408, 392, 249, 536, 304, 528, 192, 364, 462, 608, 704, 344, 544, 1760, 190, 400, 28, 576, 880]
91 page: [486, 416, 352, 824, 2080, 330, 352, 188, 550, 48, 512, 253, 550, 256, 160, 504, 448, 176, 1154, 640, 470, 88, 426, 326, 398, 424, 524, 384, 224, 100, 190, 352, 627, 880, 859, 256, 46, 224, 82, 74]
92 page: [200, 114, 238, 115, 324, 140, 184, 230, 158, 284, 226, 204, 158, 160, 142, 303, 248, 382, 261, 378, 404, 512, 208, 784, 264, 280, 424, 520, 338, 354, 338, 400, 384, 157, 454, 1056, 752, 646, 384, 352, 184, 160, 114]
93 page: [106, 136, 178, 513, 218, 344, 204, 40, 236, 192, 320, 230, 304, 1342, 252, 416, 548, 319, 54, 38, 406, 352, 324, 372, 324, 404, 412, 640, 317, 572, 454, 484, 580, 76, 926, 320, 432, 32, 672, 255, 384, 168, 208, 87]
94 page: [144, 156, 324, 232, 352, 287, 259, 480, 335, 766, 266, 400, 184, 322, 326, 300, 400, 322, 352, 480, 352, 319, 416, 560, 320, 287, 624, 420, 416, 226, 512, 464, 276, 394, 462, 221, 276, 440, 476, 560, 382, 623, 404, 576]
95 page: [192, 224, 448, 72, 242, 352, 480, 464, 192, 352, 224, 320, 305, 352, 400, 402, 194, 228, 244, 288, 184, 374, 622, 416, 864, 326, 532, 560, 288, 432, 80, 346, 514, 439, 470, 453, 544, 224, 312, 304]
96 page: [214, 720, 116, 198, 608, 184, 432, 195, 244, 418, 552, 416, 302, 210, 320, 448, 656, 256, 611, 752, 624, 144, 682, 248, 288, 608, 672, 376, 544, 71, 942]
97 page: [200, 128, 52, 302, 640, 346, 400, 624, 136, 64, 672, 140, 752, 704, 348, 270, 576, 624, 460, 126, 464, 496, 360, 204, 319, 261, 240, 164, 480, 288, 320, 416, 352, 352, 352, 480, 160, 320, 512, 320, 480, 448]
98 page: [416, 608, 288, 512, 288, 624, 352, 168, 480, 320, 320, 384, 314, 704, 704, 368, 230, 256, 262, 368, 288, 512, 376, 264, 256, 262, 960, 848, 572, 1168, 768, 666, 3088, 1126, 576, 416, 384, 36, 31, 66, 82, 106, 146, 62]
99 page: [132, 200, 182, 114, 182, 102, 198, 252, 220, 264, 256, 199, 240, 207, 480, 174, 114, 172, 134, 160, 120, 266, 148, 262, 118, 242, 182, 288, 424, 260, 402, 380, 406, 229, 400, 194, 432, 287, 320, 255, 337, 478, 334, 255, 367, 418, 576, 415]
100 page: [424, 608, 574, 626, 928, 468, 38, 165, 352, 621, 150, 146, 186, 154, 90, 210, 54, 150, 154, 284, 212, 210, 364, 640, 302, 310, 352, 250, 263, 353, 394, 376, 210, 381, 372, 246, 200, 406, 239, 546, 448, 320, 96, 336, 400, 400, 296]
101 page: [374, 106, 464, 510, 86, 88, 231, 512, 384, 428, 272, 376, 472, 488, 528, 110, 436, 152, 364, 376, 614, 412, 602, 363, 464, 104, 256, 154, 128, 168, 240, 231, 174, 200, 172, 316, 582, 304, 377, 287, 230, 320, 346, 415, 168, 231]
102 page: [332, 380, 463, 172, 576, 351, 324, 324, 356, 323, 262, 544, 368, 416, 400, 536, 496, 257, 399, 688, 496, 426, 530, 279, 276, 662, 492, 508, 623, 684, 350, 636, 1064, 264, 668, 491, 527, 526, 248, 613, 528, 606, 106, 126, 142, 352, 126]
103 page: [256, 190, 192, 122, 196, 315, 304, 384, 158, 206, 320, 190, 96, 624, 384, 86, 152, 200, 505, 101, 474, 544, 528, 496, 374, 428, 370, 646, 510, 536, 800, 590, 606, 574, 288, 304, 578, 548, 564, 418, 630, 548, 574, 512, 224]
104 page: [283, 94, 384, 196, 180, 190, 384, 416, 196, 154, 365, 192, 172, 186, 330, 188, 192, 194, 1408, 244, 196, 198, 222, 172, 196, 392, 262, 416, 396, 346, 294, 496, 310, 382, 500, 190]
105 page: [360, 464, 464, 426, 704, 458, 384, 348, 624, 500, 526, 854, 466, 502, 636, 852, 320, 544, 50, 256, 352, 400, 352, 240, 448, 352, 342, 704, 370, 448, 266, 652, 418, 496, 480, 269, 176, 384, 480, 587, 256, 224, 336, 288]
106 page: [544, 256, 832, 150, 376, 288, 352, 208, 36, 32, 456, 400, 324, 346, 192, 208, 288, 53, 150, 304, 556, 120, 336, 640, 320, 336, 136, 532, 70, 172, 214, 124, 20, 400, 319, 336, 352, 733, 576, 288, 352, 192, 320]
107 page: [352, 540, 528, 556, 496, 536, 160, 672, 120, 141, 344, 312, 272, 354, 351, 350, 154, 162, 194, 152, 152, 242, 648, 704, 576, 256, 448, 224, 320, 640, 1472, 384, 352, 256, 576, 912, 800, 416, 320, 480, 496, 448, 256, 1088, 672, 272, 320]
108 page: [256, 416, 448, 512, 512, 544, 864, 320, 256, 320, 320, 608, 288, 320, 704, 256, 288, 448, 624, 352, 416, 448, 352, 256, 448, 576, 416, 318, 320, 144, 480, 224, 928, 608, 512, 96, 800, 608, 896, 288, 416, 608, 2066, 384, 256, 416]
109 page: [208, 224, 416, 672, 864, 1088, 224, 704, 416, 912, 352, 256, 352, 704, 448, 480, 288, 288, 800, 352, 224, 416, 736, 288, 736, 640, 384, 256, 224, 544, 416, 352, 512, 752, 416, 880, 448, 448, 640, 320, 320, 656, 576, 224, 288, 416]
110 page: [256, 256, 288, 672, 448, 320, 448, 240, 592, 416, 384, 384, 480, 224, 320, 336, 288, 320, 256, 320, 416, 384, 384, 576, 512, 640, 544, 736, 640, 384, 336, 224, 416, 704, 416, 928, 704, 160, 544, 640, 320, 352, 480, 976, 640, 416, 384]
111 page: [400, 416, 352, 928, 288, 448, 736, 608, 544, 288, 320, 640, 720, 352, 616, 352, 224, 704, 544, 336, 320, 384, 480, 447, 384, 384, 544, 480, 384, 352, 640, 320, 192, 320, 544, 240, 192, 192, 512, 608, 352, 224, 2128, 320, 192, 608]
112 page: [288, 896, 288, 672, 448, 640, 320, 432, 384, 768, 352, 352, 864, 544, 512, 800, 480, 320, 192, 736, 704, 320, 256, 352, 416, 320, 384, 320, 704, 704, 256, 480, 160, 352, 384, 448, 192, 160, 576, 256, 608, 608, 1440, 256, 352, 1504, 256, 288]
113 page: [416, 320, 288, 192, 479, 544, 256, 320, 224, 110, 736, 304, 352, 384, 224, 344, 416, 352, 272, 240, 832, 768, 480, 480, 384, 544, 432, 352, 480, 416, 576, 608, 384, 384, 384, 640, 480, 128, 608, 416, 688, 480, 280, 320, 288, 1152]
114 page: [576, 320, 640, 768, 192, 800, 288, 320, 240, 544, 620, 640, 320, 1152, 640, 416, 640, 320, 736, 400, 416, 288, 480, 352, 256, 544, 176, 608, 480, 448, 928, 416, 352, 768, 416, 312, 224, 720, 576, 384, 256, 1152, 448]
115 page: [608, 1088, 144, 448, 384, 480, 928, 352, 256, 288, 1032, 448, 192, 352, 336, 320, 384, 224, 384, 480, 352, 640, 224, 480, 384, 288, 544, 544, 480, 272, 896, 512, 320, 160, 736, 352, 352, 352, 608, 544, 416, 128, 288, 128, 320, 544, 320, 216]
116 page: [263, 184, 480, 352, 640, 624, 288, 480, 352, 480, 480, 160, 352, 672, 208, 288, 288, 448, 480, 448, 640, 204, 608, 352, 416, 262, 640, 464, 352, 448, 288, 152, 240, 224, 320, 416, 256, 256, 447, 256, 352, 640, 224, 640, 504, 432]
117 page: [1312, 384, 315, 96, 256, 416, 608, 132, 672, 320, 224, 448, 384, 576, 512, 512, 448, 400, 366, 512, 448, 480, 256, 320, 352, 416, 640, 640, 640, 540, 400, 576, 288, 288, 416, 320, 485, 640, 288, 224, 129, 320, 480, 368, 544, 272]
118 page: [1264, 128, 288, 384, 384, 512, 768, 224, 416, 256, 315, 480, 352, 352, 544, 768, 480, 200, 352, 672, 352, 704, 528, 656, 448, 312, 416, 192, 128, 544, 256, 320, 480, 640, 704, 384, 288, 480, 236, 288, 752, 736, 704, 224, 352, 576]
119 page: [152, 512, 320, 416, 352, 384, 400, 608, 320, 544, 320, 512, 416, 448, 288, 192, 384, 608, 320, 544, 320, 236, 608, 464, 440, 736, 384, 288, 464, 448, 640, 288, 124, 512, 352, 320, 240, 480, 320, 413, 448, 416, 384]
120 page: [416, 544, 224, 288, 352, 352, 92, 256, 272, 640, 160, 320, 320, 411, 124, 416, 608, 288, 640, 288, 832, 320, 256, 608, 320, 384, 544, 384, 749, 480, 512, 1216, 152, 1440, 496, 288, 320, 352, 512, 528, 384]
121 page: [320, 512, 240, 544, 352, 264, 736, 800, 256, 248, 1072, 196, 320, 808, 240, 320, 288, 416, 544, 416, 512, 512, 928, 320, 496, 672, 528, 832, 480, 476, 608, 416, 416, 384, 1184, 320, 704, 776, 208, 656, 256, 224, 384, 576, 256]
122 page: [279, 224, 326, 459, 626, 512, 6544, 240, 352, 672, 320, 512, 384, 288, 320, 1008, 350, 928, 576, 4704, 448, 224, 384, 104, 512, 736, 224, 600, 320, 448, 64, 288, 288, 512, 256, 736, 448, 480, 240, 352, 1216, 576, 416]
123 page: [392, 224, 450, 640, 640, 224, 288, 224, 352, 223, 284, 288, 224, 544, 608, 256, 544, 288, 512, 288, 768, 320, 310, 320, 384, 616, 1472, 192, 384, 352, 352, 1120, 384, 528, 192, 384, 1792, 352, 704, 640, 448, 384, 320, 640, 160, 416]
124 page: [1024, 448, 496, 1184, 420, 256, 384, 1184, 192, 192, 704, 476, 638, 326, 382, 237, 352, 672, 256, 384, 416, 272, 448, 254, 416, 416, 179, 271, 332, 1152, 212, 447, 144, 256, 256, 256, 384, 320, 352, 416, 352, 352, 448, 128, 608]
125 page: [352, 312, 480, 312, 385, 384, 1, 576, 192, 512, 352, 255, 448, 352, 704, 448, 640, 672, 149, 1056, 384, 320, 256, 288, 480, 576, 320, 176, 960, 208, 640, 480, 480, 352, 224, 224, 608, 396, 320, 624, 576, 640, 608]
126 page: [576, 288, 864, 768, 1056, 1056, 1184, 304, 704, 142, 282, 258, 448, 320, 480, 145, 151, 444, 491, 280, 491, 831, 512, 160, 320, 544, 416, 384, 448, 160, 388, 416, 608, 240, 610, 928, 524, 352, 224, 672, 800]
127 page: [244, 192, 448, 960, 544, 224, 576, 672, 224, 576, 672, 222, 768, 608, 736, 566, 752, 544, 1024, 384, 576, 528, 512, 800, 416, 640, 368, 310, 1278, 768, 464, 480, 416, 432, 224, 320, 576, 960, 416, 352, 704, 496, 352, 672, 1257]
128 page: [352, 504, 320, 496, 1056, 160, 76, 784, 256, 560, 597, 207, 301, 682, 256, 218, 248, 512, 544, 274, 225, 398, 472, 474, 614, 573, 160, 384, 112, 416, 288, 128, 288, 736, 159, 384, 416, 416, 544, 480, 176, 222, 296]
129 page: [448, 226, 512, 1008, 1360, 544, 448, 1032, 400, 560, 176, 256, 864, 384, 448, 384, 448, 287, 576, 352, 480, 256, 608, 416, 672, 672, 256, 136, 512, 448, 672, 352, 352, 480, 144, 348, 1152, 448, 160, 480, 160, 416, 416, 192, 256]
130 page: [640, 352, 384, 448, 224, 256, 608, 704, 416, 608, 736, 960, 768, 288, 256, 320, 352, 384, 416, 256, 416, 320, 992, 544, 1408, 736, 576, 448, 478, 160, 288, 304, 216, 352, 320, 288, 318, 384, 360, 192, 384, 640, 1216, 608]
131 page: [576, 624, 1087, 256, 48, 800, 480, 192, 320, 352, 416, 384, 320, 384, 348, 229, 252, 320, 480, 264, 268, 191, 816, 464, 575, 24, 256, 352, 416, 416, 480, 384, 512, 448, 320, 352, 416, 448, 352, 288, 416, 768, 388, 448, 512]
132 page: [384, 704, 416, 458, 1280, 928, 128, 160, 608, 384, 416, 544, 640, 288, 768, 170, 512, 1152, 544, 768, 800, 864, 1128, 832, 384, 320, 416, 480, 288, 448, 256, 576, 960, 544, 176, 448, 608, 384, 480, 512, 512, 288, 320]
133 page: [480, 320, 1440, 320, 424, 416, 320, 168, 591, 568, 224, 384, 352, 320, 544, 384, 384, 416, 576, 448, 704, 672, 415, 640, 588, 224, 352, 224, 608, 672, 576, 512, 736, 176, 416, 800, 544, 352, 608, 736, 512, 640, 480]
134 page: [480, 560, 784, 384, 256, 256, 384, 640, 256, 352, 576, 624, 624, 991, 480, 416, 768, 672, 320, 416, 1152, 416, 4816, 512, 992, 160, 608, 415, 352, 560, 200, 160, 128, 704, 960, 368, 272, 384]
135 page: [512, 544, 432, 125, 378, 174, 160, 285, 484, 1756, 192, 160, 304, 224, 224, 160, 448, 224, 160, 320, 608, 320, 384, 416, 480, 352, 166, 400, 480, 160, 544, 640, 184, 216, 480, 320, 896, 218, 208, 352, 324, 512, 304, 192, 383]
136 page: [544, 400, 528, 512, 498, 544, 345, 258, 496, 1120, 896, 856, 579, 336, 574, 498, 476, 544, 176, 428, 160, 480, 384, 288, 544, 480, 576, 480, 448, 192, 288, 480, 416, 608, 352, 472, 448, 608, 640, 640, 400, 704, 544, 384]
137 page: [400, 512, 245, 496, 320, 287, 288, 351, 656, 526, 512, 448, 520, 448, 384, 288, 416, 320, 416, 416, 576, 576, 384, 192, 320, 352, 672, 672, 352, 768, 416, 384, 352, 224, 576, 608, 416, 480, 230, 736, 480, 464, 352, 736, 704, 364, 317]
138 page: [246, 512, 1168, 356, 448, 880, 256, 384, 384, 576, 480, 576, 320, 576, 480, 192, 224, 576, 208, 480, 288, 800, 192, 416, 752, 512, 384, 608, 544, 416, 416, 544, 448, 768, 447, 608, 352, 1023, 96, 992, 480, 224, 576]
139 page: [672, 192, 384, 320, 320, 416, 448, 432, 320, 736, 320, 176, 768, 464, 672, 576, 224, 512, 352, 1504, 608, 640, 448, 416, 640, 384, 672, 266, 576, 304, 456, 64, 192, 400, 416, 384, 832, 416, 352, 320, 720, 448, 544, 288]
140 page: [332, 348, 416, 320, 320, 352, 768, 320, 576, 1376, 672, 256, 512, 144, 368, 352, 960, 414, 648, 320, 413, 416, 224, 976, 1042, 224, 224, 320, 222, 256, 78, 480, 42, 320, 560, 464, 256, 352, 1101, 1279]
141 page: [556, 317, 223, 463, 102, 277, 334, 390, 320, 416, 288, 640, 416, 224, 320, 320, 672, 224, 288, 270, 96, 232, 188, 800, 284, 319, 130, 192, 252, 340, 160, 430, 256, 142, 522, 750, 240, 288, 352, 256, 288, 480, 448, 352, 192, 448]
142 page: [224, 384, 288, 416, 224, 384, 480, 704, 288, 320, 608, 416, 448, 320, 384, 576, 864, 864, 320, 704, 390, 704, 206, 176, 300, 384, 448, 352, 518, 256, 38, 216, 528, 1088, 432, 112, 413, 564, 784, 512, 429, 320, 848, 320, 224]
143 page: [754, 320, 256, 160, 416, 288, 160, 160, 288, 224, 288, 384, 192, 384, 320, 416, 960, 384, 416, 320, 178, 448, 480, 960, 416, 640, 736, 224, 640, 544, 288, 704, 128, 640, 448, 736, 576, 252, 115, 402, 352, 400, 384, 160, 320, 464, 278]
144 page: [762, 778, 600, 160, 352, 416, 480, 384, 544, 608, 640, 416, 480, 320, 384, 352, 352, 320, 528, 288, 384, 384, 480, 960, 224, 192, 256, 192, 544, 480, 447, 576, 352, 352, 640, 224, 512, 224, 384, 198, 640, 576, 1856, 255, 768, 416]
145 page: [240, 416, 1056, 1248, 1312, 304, 984, 616, 688, 320, 288, 320, 224, 320, 544, 224, 416, 448, 352, 352, 320, 320, 416, 320, 512, 576, 384, 192, 352, 544, 320, 288, 320, 352, 416, 240, 288, 592, 736, 640, 480, 544]
146 page: [176, 104, 752, 672, 384, 608, 480, 320, 384, 576, 512, 672, 480, 272, 224, 256, 672, 416, 400, 1063, 1309, 368, 306, 624, 560, 416, 447, 256, 256, 384, 352, 640, 544, 448, 256, 192, 416, 416, 160, 224, 352, 256, 256, 352, 848, 608]
147 page: [352, 448, 736, 512, 352, 320, 216, 560, 384, 416, 400, 208, 640, 1504, 448, 640, 480, 832, 480, 464, 672, 640, 704, 576, 400, 383, 704, 208, 608, 96, 64, 256, 416, 352, 144, 192, 352, 368, 416, 480, 320, 672, 608, 128, 736, 512]
148 page: [480, 320, 288, 224, 320, 800, 400, 416, 416, 544, 64, 384, 672, 576, 416, 672, 480, 160, 560, 336, 448, 320, 480, 768, 640, 224, 640, 416, 640, 512, 640, 880, 448, 832, 240, 416, 296, 208, 160, 480, 640, 704, 608, 352]
149 page: [1280, 1280, 1232, 1088, 1472, 800, 800, 416, 384, 448, 410, 42, 56, 864, 787, 68, 102, 228, 190, 480, 352, 704, 480, 416, 832, 46, 1258, 448, 256, 544, 352, 640, 480, 384, 608, 941, 1280, 224, 416, 544, 552, 896, 1280]
150 page: [496, 544, 1245, 704, 888, 272, 156, 160, 320, 240, 352, 288, 704, 320, 480, 188, 560, 223, 144, 220, 400, 319, 480, 465, 400, 366, 192, 320, 256, 320, 256, 320, 512, 288, 240, 256, 256, 224, 512, 512, 96, 352, 352]
151 page: [704, 224, 128, 416, 448, 352, 608, 384, 384, 448, 384, 704, 320, 261, 128, 284, 250, 260, 384, 544, 528, 608, 352, 272, 576, 258, 416, 195, 400, 528, 832, 370, 452, 432, 504, 1152, 152, 440, 488, 258, 704, 278]
152 page: [624, 778, 320, 320, 384, 384, 480, 416, 320, 288, 416, 576, 272, 352, 480, 512, 712, 352, 288, 352, 352, 248, 416, 319, 320, 640, 640, 512, 608, 640, 512, 416, 608, 166, 266, 488, 319, 224, 752, 912]
153 page: [282, 320, 435, 383, 1344, 546, 440, 319, 605, 366, 508, 236, 250, 544, 720, 511, 400, 1016, 1214, 176, 320, 160, 480, 480, 256, 448, 320, 384, 480, 448, 160, 384, 240, 288, 416, 640, 736, 704, 384, 288, 576, 288, 384, 352, 544]
154 page: [320, 384, 144, 416, 352, 608, 256, 256, 768, 512, 384, 608, 448, 384, 304, 416, 96, 256, 320, 272, 768, 512, 286, 512, 320, 960, 416, 512, 96, 448, 192, 192, 176, 448, 384, 352, 384, 736, 352, 448, 104, 448, 384, 512, 447]
155 page: [944, 480, 544, 448, 608, 640, 480, 512, 288, 1216, 112, 352, 352, 400, 320, 164, 448, 150, 416, 352, 448, 200, 154, 196, 384, 544, 832, 172, 576, 1248, 544, 1088, 448, 228, 156, 260, 542, 1104, 550, 336, 144, 412, 512, 528]
156 page: [352, 717, 629, 624, 300, 256, 416, 448, 224, 320, 288, 384, 384, 192, 256, 416, 384, 576, 320, 288, 544, 896, 640, 352, 512, 288, 544, 320, 480, 832, 384, 448, 544, 192, 288, 304, 480, 224, 416, 320, 864, 224, 412, 480, 544, 104]
157 page: [576, 384, 544, 576, 608, 112, 480, 352, 224, 416, 448, 592, 384, 944, 320, 352, 480, 480, 384, 608, 384, 512, 928, 544, 736, 100, 800, 608, 928, 480, 416, 640, 512, 512, 432, 960, 416, 184, 220, 198, 640, 188, 896, 400, 640, 200, 383, 174]
158 page: [896, 704, 207, 200, 344, 784, 880, 204, 704, 184, 448, 428, 470, 1181, 1194, 880, 278, 1279, 576, 406, 472, 472, 64, 128, 272, 448, 384, 304, 480, 608, 480, 576, 480, 224, 224, 224, 512, 416, 448, 224, 464, 224, 544]
159 page: [192, 288, 384, 320, 704, 448, 704, 448, 400, 544, 544, 576, 448, 800, 96, 384, 416, 352, 384, 832, 320, 352, 288, 448, 416, 640, 224, 544, 512, 384, 416, 384, 384, 416, 672, 400, 544, 480, 544, 384, 480, 480, 224, 320, 256]
160 page: [352, 576, 544, 384, 320, 181, 448, 640, 528, 544, 320, 640, 432, 448, 640, 320, 512, 448, 605, 448, 576, 640, 288, 696, 248, 928, 592, 827, 608, 352, 574, 284, 448, 64, 96, 96, 96, 96, 64, 96, 96, 96, 96, 64, 384]
161 page: [384, 240, 256, 416, 224, 288, 448, 256, 576, 480, 640, 352, 352, 640, 224, 480, 640, 320, 1056, 736, 352, 512, 640, 384, 240, 640, 256, 640, 416, 320, 736, 512, 640, 384, 544, 416, 608, 768, 544, 336, 640, 768, 448, 960, 608, 864]
162 page: [784, 544, 576, 512, 640, 640, 640, 576, 640, 830, 512, 240, 526, 1, 224, 352, 768, 512, 256, 512, 704, 448, 288, 320, 480, 352, 416, 448, 480, 320, 704, 326, 480, 768, 512, 320, 192, 1952, 320, 992, 160, 848, 960, 416, 448, 320]
163 page: [416, 921, 928, 640, 608, 288, 640, 720, 608, 640, 640, 640, 512, 256, 544, 736, 656, 1376, 608, 486, 384, 480, 384, 320, 320, 160, 416, 208, 416, 63, 300, 480, 416, 640, 640, 608, 640, 384, 1632, 448, 224, 256, 512, 352, 736]
164 page: [896, 1280, 1472, 320, 192, 576, 544, 320, 416, 480, 358, 1376, 672, 288, 1152, 823, 176, 160, 444, 320, 224, 224, 187, 176, 288, 320, 576, 384, 104, 384, 784, 242, 254, 320, 544, 672, 624, 288, 220, 256, 640, 608, 640, 20, 352, 88]
165 page: [72, 1296, 144, 1148, 1307, 3542, 256, 349, 250, 384, 704, 640, 812, 704, 288, 160, 254, 192, 624, 1212, 1096, 608, 592, 640, 464, 784, 640, 784, 720, 448, 256, 288, 180, 162, 316, 184, 150, 148, 351, 100, 151, 200, 156, 430]
166 page: [128, 352, 352, 320, 256, 352, 416, 416, 416, 384, 352, 352, 384, 192, 224, 224, 320, 256, 320, 320, 416, 288, 416, 416, 288, 576, 480, 448, 686, 640, 640, 320, 576, 288, 432, 224, 256, 256]
167 page: [448, 288, 480, 224, 352, 256, 272, 848, 416, 416, 704, 288, 864, 272, 608, 768, 768, 448, 608, 480, 480, 320, 768, 736, 164, 352, 960, 252, 640, 416, 126, 216, 155, 176, 536, 1008, 256, 170, 138, 480]
168 page: [288, 544, 928, 507, 588, 464, 368, 160, 128, 160, 256, 192, 192, 224, 256, 416, 320, 320, 320, 320, 416, 512, 512, 416, 320, 480, 136, 544, 384, 352, 416, 320, 288, 384, 960, 480, 96, 416, 448, 672, 169, 162, 384]
169 page: [352, 496, 512, 640, 248, 576, 160, 160, 288, 384, 560, 154, 268, 195, 544, 256, 800, 640, 448, 448, 256, 288, 384, 400, 400, 400, 400, 400, 400, 384, 413, 368, 42, 608, 46, 324, 450, 408, 352, 398, 416, 336, 285]
170 page: [416, 400, 336, 928, 240, 528, 78, 600, 527, 312, 230, 907, 304, 512, 352, 1312, 208, 1275, 486, 624, 640, 432, 146, 592, 484, 492, 504, 388, 992, 734, 512, 488, 454, 368, 896, 536, 860]
171 page: [624, 96, 128, 128, 320, 192, 288, 160, 192, 160, 224, 416, 352, 352, 224, 224, 288, 416, 352, 416, 320, 448, 160, 704, 224, 736, 352, 512, 384, 352, 320, 384, 448, 92, 224, 320, 352, 928, 544, 384, 256, 352, 640, 608, 480]
172 page: [288, 704, 704, 158, 224, 624, 224, 101, 528, 480, 416, 528, 192, 384, 480, 117, 320, 272, 126, 122, 320, 135, 158, 115, 480, 448, 448, 196, 134, 223, 352, 480, 192, 5000, 122]
173 page: [342, 256, 184, 287, 320, 166, 160, 249, 256, 448, 512, 640, 239, 314, 271, 416, 375, 944, 287, 263, 608, 173, 182, 352, 356, 352, 215, 436, 182, 432, 288, 184, 188, 251, 544, 384, 417, 204, 208, 199]
174 page: [473, 336, 352, 512, 324, 271, 228, 320, 417, 430, 283, 284, 286, 218, 368, 441, 280, 383, 271, 448, 268, 311, 304, 304, 336, 239, 496, 752, 512, 320, 255, 160, 250, 229, 203, 382, 544, 162, 178, 622, 284, 375, 286, 169, 228, 335, 435]
175 page: [292, 560, 1040, 400, 230, 318, 245, 268, 378, 160, 416, 573, 418, 320, 320, 283, 589, 364, 270, 512, 701, 208, 318, 1230, 415, 797, 252, 302, 346, 285, 296, 1072, 379, 224, 604, 800, 320, 384, 544, 326, 566, 288]
176 page: [670, 810, 752, 558, 296, 599, 497, 338, 536, 754, 304, 484, 336, 368, 776, 702, 592, 568, 598, 500, 966, 436, 625, 933, 600, 634, 716, 660, 668, 830, 832, 672, 2176, 448, 456, 416, 384, 352, 288, 224, 352, 288]
177 page: [480, 352, 512, 352, 256, 256, 416, 288, 384, 288, 448, 320, 256, 352, 160, 320, 352, 352, 480, 288, 384, 288, 560, 352, 384, 288, 448, 288, 256, 352, 288, 448, 432, 352, 416, 320, 480, 448, 288, 288, 320, 288, 240, 368, 544, 576, 352]
178 page: [112, 608, 320, 480, 704, 320, 416, 640, 192, 640, 416, 624, 592, 256, 416, 640, 416, 256, 416, 320, 256, 736, 480, 384, 416, 608, 320, 288, 640, 256, 448, 416, 416, 256, 240, 272, 704, 320, 384, 416, 352, 704, 384, 608, 496, 288]
179 page: [544, 336, 352, 800, 512, 352, 416, 352, 864, 668, 640, 480, 288, 480, 416, 352, 320, 480, 288, 296, 208, 352, 512, 384, 448, 768, 1538, 576, 320, 352, 176, 192, 608, 176, 512, 352, 672, 416, 112, 384, 960, 480]
180 page: [154, 512, 352, 688, 480, 512, 384, 160, 368, 126, 640, 96, 288, 496, 448, 1248, 384, 448, 153, 480, 141, 287, 320, 960, 704, 368, 360, 224, 416, 240, 152, 368, 416, 512, 320, 640, 263, 166, 198, 112, 190]
181 page: [1280, 384, 384, 178, 180, 256, 200, 464, 141, 704, 156, 192, 194, 640, 288, 224, 320, 152, 480, 164, 464, 256, 256, 480, 166, 174, 496, 512, 672, 183, 448, 640, 320, 182, 212, 172, 293, 319, 576, 352, 100, 848]
182 page: [271, 196, 152, 320, 182, 166, 432, 432, 288, 432, 448, 576, 640, 319, 180, 282, 752, 364, 287, 224, 526, 270, 178, 352, 608, 194, 196, 303, 200, 404, 36, 800, 225, 120, 200, 344, 768, 177, 376, 154, 431, 192, 198, 543, 356, 236]
183 page: [112, 464, 240, 448, 366, 200, 253, 370, 258, 495, 192, 672, 288, 302, 502, 416, 320, 448, 424, 214, 271, 356, 408, 272, 217, 226, 639, 486, 186, 436, 578, 316, 246, 860, 640, 608, 256, 344, 460, 466, 464, 248, 242, 246, 476]
184 page: [418, 896, 259, 345, 320, 502, 278, 440, 544, 360, 277, 284, 570, 543, 266, 256, 292, 480, 543, 414, 282, 256, 720, 512, 543, 800, 328, 334, 312, 292, 344, 608, 608, 951, 340, 382, 296, 266]
185 page: [452, 621, 637, 346, 384, 864, 128, 768, 378, 626, 362, 362, 278, 314, 397, 230, 558, 430, 504, 419, 334, 592, 848, 570, 506, 238, 348, 493, 471, 484, 618, 618, 551, 578, 582, 400, 608, 306, 593, 474, 514, 432, 416]
186 page: [639, 358, 282, 424, 574, 720, 364, 864, 412, 662, 845, 610, 700, 440, 656, 480, 480, 448, 416, 256, 512, 480, 288, 384, 384, 256, 384, 384, 512, 256, 448, 736, 544, 224, 384, 320, 416, 352, 448, 480, 288, 320, 544]
187 page: [320, 288, 224, 352, 384, 352, 480, 320, 288, 544, 320, 512, 320, 480, 544, 256, 576, 256, 576, 512, 512, 256, 256, 224, 160, 448, 288, 512, 416, 416, 352, 512, 480, 416, 464, 384, 512, 320, 384, 624, 384, 592, 352, 288]
188 page: [384, 544, 384, 416, 288, 288, 416, 352, 512, 256, 384, 320, 544, 416, 448, 480, 416, 480, 448, 160, 416, 416, 160, 352, 352, 320, 384, 288, 320, 416, 480, 352, 448, 192, 384, 416, 448, 480, 320, 352, 320, 352, 320, 352, 576, 320, 544]
189 page: [480, 320, 448, 704, 416, 448, 352, 144, 160, 304, 896, 384, 224, 512, 480, 784, 352, 448, 320, 256, 320, 416, 384, 256, 144, 192, 256, 544, 544, 896, 416, 640, 608, 416, 416, 368, 352, 288, 160, 64, 640]
190 page: [448, 448, 480, 512, 544, 352, 352, 160, 544, 480, 896, 384, 448, 416, 416, 320, 640, 640, 448, 352, 416, 238, 512, 416, 224, 352, 144, 320, 304, 576, 448, 448, 448, 448, 736, 736, 576, 576, 480, 304, 416, 688, 384, 448]
191 page: [624, 100, 118, 416, 512, 496, 480, 480, 304, 544, 320, 480, 256, 132, 134, 416, 416, 640, 640, 464, 368, 576, 544, 576, 672, 512, 100, 197, 384, 320, 162, 158, 281, 170, 124, 512, 512, 384, 416, 320, 190, 192, 176, 150, 170, 194, 384]
192 page: [608, 576, 544, 320, 576, 128, 192, 160, 200, 176, 176, 304, 196, 204, 184, 447, 960, 608, 384, 320, 544, 448, 400, 198, 196, 196, 190, 190, 190, 350, 416, 320, 336, 352, 750, 352, 886, 416, 224, 480, 384, 432, 768, 576, 446]
193 page: [114, 182, 160, 250, 384, 512, 170, 146, 196, 480, 544, 672, 832, 214, 495, 384, 416, 447, 216, 214, 320, 1472, 640, 288, 352, 640, 960, 198, 184, 244, 383, 252, 248, 216, 200, 168, 768, 240, 448, 832, 400]
194 page: [736, 228, 384, 338, 230, 383, 304, 194, 198, 174, 306, 512, 246, 640, 704, 416, 414, 248, 178, 374, 319, 102, 256, 384, 672, 196, 342, 192, 736, 272, 634, 464, 352, 448, 1280, 736, 319, 481]
195 page: [420, 394, 432, 527, 200, 320, 896, 418, 432, 992, 576, 206, 448, 314, 383, 704, 350, 416, 458, 659, 194, 606, 214, 194, 470, 406, 511, 1440, 608, 114, 422, 288, 428, 194, 204, 640, 266, 348, 397, 256, 464, 736]
196 page: [620, 200, 272, 352, 860, 454, 554, 458, 288, 987, 303, 512, 514, 476, 404, 256, 258, 456, 448, 630, 498, 352, 954, 1034, 1181, 1127, 1117, 354, 594, 718, 542, 274, 216, 544, 330, 240, 794, 372, 350, 628, 416, 270, 152]
197 page: [1150, 752, 792, 348, 1066, 1066, 496, 312, 474, 390, 432, 448, 374, 304, 518, 382, 431, 294, 418, 792, 448, 328, 624, 408, 498, 480, 248, 504, 470, 566, 470, 490, 494, 320, 996, 350, 324, 412, 474, 530]
198 page: [858, 418, 316, 400, 890, 260, 266, 606, 290, 470, 772, 400, 508, 480, 392, 606, 614, 634, 686, 566, 768, 750, 760, 684, 700, 760, 812, 552, 592, 924, 860, 584, 672, 612, 604, 462, 714, 634, 762, 924]
199 page: [98, 754, 1000, 576, 304, 1008, 96, 128, 128, 96, 128, 96, 96, 64, 128, 96, 96, 96, 128, 96, 96, 288, 96, 352, 448, 384, 224, 352, 160, 352, 416, 512, 320, 352, 288, 256, 384, 192, 320, 288, 608, 192, 224, 288]
200 page: [352, 384, 320, 288, 256, 640, 384, 414, 384, 224, 224, 384, 288, 320, 256, 320, 160, 384, 288, 384, 256, 320, 480, 480, 320, 352, 480, 384, 448, 480, 352, 480, 352, 320, 384, 416, 288, 608, 256, 704, 320, 512, 704]
201 page: [704, 512, 608, 384, 592, 640, 352, 352, 640, 32, 512, 352, 640, 256, 608, 352, 608, 544, 320, 544, 608, 384, 320, 416, 352, 576, 608, 320, 189, 640, 384, 704, 544, 352, 544, 224, 256, 320, 320, 640, 576, 352, 320, 320, 384, 352]
202 page: [512, 224, 384, 448, 128, 288, 992, 416, 960, 608, 416, 576, 352, 128, 416, 432, 384, 224, 224, 480, 320, 96, 352, 320, 448, 384, 640, 384, 768, 112, 512, 256, 384, 640, 320, 320, 416, 416, 416, 640, 288, 352, 224, 608]
203 page: [512, 384, 608, 768, 640, 608, 384, 544, 448, 608, 384, 384, 448, 512, 640, 480, 592, 480, 384, 640, 704, 286, 440, 544, 272, 224, 512, 480, 352, 288, 400, 544, 1440, 1408, 800, 528, 416, 352, 544, 384, 512, 512, 608, 352, 512]
204 page: [416, 320, 448, 576, 512, 768, 416, 432, 384, 1504, 864, 640, 800, 944, 944, 544, 316, 672, 480, 256, 480, 576, 320, 480, 352, 800, 288, 352, 189, 160, 319, 368, 288, 262, 183, 281, 608, 480, 544, 240, 160, 704, 480, 928, 608, 512, 542, 159]
205 page: [316, 224, 512, 272, 400, 800, 384, 960, 240, 352, 320, 206, 404, 291, 194, 350, 608, 512, 432, 672, 672, 544, 416, 544, 800, 640, 640, 104, 640, 864, 352, 608, 448, 456, 525, 512, 544, 672, 448, 512, 404, 288, 368, 640, 544, 416]
206 page: [512, 640, 640, 320, 192, 800, 672, 213, 315, 542, 288, 512, 832, 576, 430, 670, 456, 669, 640, 608, 544, 448, 544, 256, 960, 480, 672, 258, 606, 608, 256, 194, 288, 416, 400, 640, 606, 496, 416, 448, 800, 454, 416, 464, 352, 672]
207 page: [402, 400, 542, 525, 624, 336, 608, 496, 720, 344, 144, 466, 383, 608, 416, 416, 896, 960, 1408, 896, 864, 1248, 608, 704, 455, 492, 896, 294, 670, 302, 960, 659, 1536, 454, 476, 160, 736, 1632, 605, 447, 338, 736, 319, 670, 528, 576]
208 page: [495, 351, 479, 960, 304, 624, 512, 669, 250, 266, 606, 1040, 576, 512, 144, 687, 169, 640, 1263, 558, 1243, 480, 1224, 208, 692, 542, 594, 392, 800, 400, 3870, 2256, 431, 2356, 3208, 96, 96, 128, 64, 96, 64, 128, 96, 96, 96, 128, 96]
209 page: [96, 96, 128, 128, 96, 64, 128, 96, 96, 128, 96, 96, 96, 96, 128, 320, 288, 96, 96, 128, 96, 96, 128, 128, 96, 96, 96, 96, 96, 320, 96, 64, 96, 128, 96, 96, 128, 96, 64, 304, 320, 496, 608, 448, 480, 224, 512, 672]
210 page: [432, 432, 320, 288, 384, 224, 288, 288, 352, 256, 256, 288, 384, 224, 544, 160, 176, 448, 288, 416, 544, 320, 320, 224, 512, 400, 128, 160, 224, 320, 352, 368, 384, 448, 384, 672, 416, 416, 288, 288, 512]
211 page: [512, 288, 352, 448, 416, 384, 384, 352, 224, 256, 640, 608, 384, 800, 384, 640, 640, 288, 512, 480, 624, 608, 544, 512, 192, 416, 320, 608, 800, 352, 640, 512, 384, 384, 800, 448, 480, 320, 1056]
212 page: [800, 256, 160, 384, 768, 480, 320, 896, 288, 213, 608, 640, 512, 640, 640, 640, 480, 640, 800, 352, 640, 224, 736, 896, 288, 608, 256, 608, 672, 96, 800, 544, 320, 512, 400, 928, 608, 384, 448, 512, 640, 640, 608]
213 page: [640, 416, 640, 512, 640, 640, 640, 672, 608, 384, 512, 608, 560, 480, 416, 928, 480, 352, 320, 576, 240, 416, 320, 256, 704, 256, 1856, 320, 480, 992, 544, 624, 320, 640, 640, 736, 640, 352, 608, 640, 192]
214 page: [448, 272, 304, 608, 448, 496, 608, 480, 320, 416, 752, 448, 320, 320, 640, 832, 640, 528, 864, 320, 416, 256, 640, 286, 384, 208, 752, 736, 288, 672, 288, 352, 544, 384, 352, 736, 928, 592, 736, 591, 640, 640, 640, 640, 704, 672]
215 page: [576, 320, 352, 640, 640, 640, 640, 352, 640, 640, 384, 928, 624, 288, 736, 640, 320, 672, 672, 640, 800, 736, 640, 672, 640, 256, 416, 698, 800, 640, 432, 400, 1344, 576, 1568, 576, 720, 416, 480, 320, 640, 480, 640, 456, 480]
216 page: [512, 640, 800, 336, 448, 672, 464, 512, 672, 896, 314, 560, 1792, 304, 376, 864, 864, 832, 539, 320, 304, 1728, 296, 344, 1728, 352, 304, 524, 576, 320, 196, 464, 1, 1, 800, 1088, 416, 634, 525, 720, 301]
217 page: [1, 136, 597, 664, 748, 192, 320, 256, 384, 272, 528, 352, 256, 528, 416, 240, 416, 304, 416, 512, 320, 416, 432, 496, 496, 512, 352, 304, 368, 576, 400, 480, 272, 496, 640, 640, 384, 288, 608, 192, 416, 256, 448, 320, 288]
218 page: [256, 128, 352, 352, 384, 192, 256, 320, 288, 352, 288, 256, 640, 608, 384, 192, 320, 320, 224, 352, 480, 320, 480, 224, 352, 192, 448, 160, 512, 320, 496, 768, 192, 640, 704, 352, 768, 640, 224, 672, 320, 224, 704, 288, 256]
219 page: [300, 288, 320, 416, 384, 640, 512, 416, 416, 416, 400, 640, 448, 608, 320, 320, 320, 464, 480, 512, 320, 640, 256, 384, 384, 416, 384, 672, 320, 432, 608, 480, 640, 320, 352, 320, 544, 416, 640, 352, 432, 640, 608, 320, 352]
220 page: [224, 224, 352, 640, 640, 406, 640, 416, 640, 832, 480, 384, 224, 416, 256, 384, 384, 384, 384, 480, 496, 672, 448, 288, 104, 576, 336, 608, 672, 480, 416, 448, 544, 1552, 608, 352, 672, 224, 640, 512, 320, 640, 256]
221 page: [192, 352, 928, 800, 640, 256, 640, 384, 832, 312, 480, 544, 352, 80, 368, 352, 288, 448, 944, 576, 576, 352, 672, 640, 320, 640, 352, 640, 448, 384, 512, 608, 480, 640, 640, 640, 608, 448, 480, 240, 640, 576, 544, 304, 88, 88]
222 page: [608, 352, 640, 1552, 448, 608, 640, 304, 304, 320, 480, 352, 416, 544, 576, 432, 320, 928, 576, 576, 369, 224, 320, 640, 688, 440, 640, 432, 240, 992, 416, 704, 368, 304, 304, 304, 304, 304, 304, 304, 303, 248, 1144, 656]
223 page: [160, 304, 304, 304, 304, 235, 671, 367, 640, 720, 304, 968, 304, 528, 448, 472, 528, 600, 824, 2528, 360, 1056, 384, 384, 320, 256, 416, 256, 288, 288, 384, 192, 416, 256, 384, 160, 480, 448, 320, 384, 736, 320, 288, 352, 288]
224 page: [608, 480, 320, 288, 256, 256, 320, 224, 256, 256, 272, 288, 288, 704, 448, 64, 416, 288, 320, 384, 352, 240, 320, 320, 224, 352, 128, 192, 576, 352, 320, 288, 384, 352, 320, 224, 448, 288, 416, 256, 224, 384, 800, 288]
225 page: [506, 288, 320, 126, 640, 256, 256, 320, 480, 272, 384, 448, 640, 320, 288, 576, 576, 256, 320, 224, 640, 256, 464, 352, 384, 224, 288, 384, 352, 320, 320, 864, 384, 256, 672, 640, 320, 160, 448, 416, 352, 304, 608, 640, 446]
226 page: [446, 384, 480, 360, 1008, 1008, 576, 576, 320, 1512, 864, 1368, 936, 1008, 640, 416, 480, 384, 608, 1008, 1368, 360, 1224, 1008, 288, 320, 648, 720, 416, 288, 352, 1080, 1440, 544, 576, 576, 504, 416, 320, 640, 640, 344, 416, 640, 672, 608, 416]
227 page: [504, 416, 544, 640, 640, 640, 224, 224, 608, 576, 544, 640, 416, 480, 320, 640, 832, 224, 432, 640, 250, 512, 576, 672, 447, 352, 240, 832, 544, 352, 672, 448, 640, 624, 240, 384, 384, 352, 192, 640, 492, 512, 800, 288, 320, 704, 48, 384]
228 page: [928, 832, 864, 608, 448, 592, 288, 800, 352, 736, 672, 608, 640, 704, 768, 640, 640, 927, 800, 384, 478, 464, 112, 720, 464, 864, 672, 656, 640, 256, 416, 416, 384, 224, 224, 560, 432, 262, 18, 304, 448, 320, 304, 320]
229 page: [384, 192, 992, 928, 1424, 577, 320, 960, 304, 623, 591, 543, 575, 1184, 1408, 992, 304, 450, 1184, 1056, 1056, 1344, 1440, 1600, 960, 96, 480, 96, 768, 128, 728, 736, 323, 686, 398, 272, 272, 272, 701, 600, 960, 160, 1092, 352]
230 page: [256, 224, 224, 224, 320, 320, 383, 190, 189, 320, 384, 448, 192, 256, 480, 800, 448, 384, 256, 192, 159, 224, 288, 192, 288, 160, 224, 224, 224, 320, 192, 352, 224, 384, 256, 224, 576, 191, 192, 192, 224, 384, 416, 320, 320, 320]
231 page: [320, 224, 352, 351, 384, 223, 254, 223, 191, 192, 320, 320, 288, 416, 192, 352, 256, 256, 224, 320, 288, 352, 320, 192, 383, 224, 320, 352, 352, 224, 288, 352, 480, 464, 320, 352, 224, 224, 288, 160, 320, 640, 384, 640, 608, 256, 378]
232 page: [288, 480, 480, 416, 224, 505, 544, 512, 128, 480, 672, 448, 384, 288, 416, 256, 512, 736, 82, 76, 224, 288, 352, 370, 512, 116, 480, 544, 194, 672, 640, 128, 800, 320, 640, 400, 336, 224, 560, 544, 576, 512, 608, 960]
233 page: [272, 768, 256, 80, 480, 504, 432, 429, 360, 432, 432, 648, 544, 480, 224, 480, 704, 640, 896, 608, 674, 640, 640, 608, 576, 480, 608, 448, 832, 224, 240, 159, 544, 352, 384, 768, 864, 416, 352, 320, 768, 272, 352, 544, 368]
234 page: [480, 480, 352, 248, 480, 544, 656, 271, 768, 832, 320, 736, 320, 384, 256, 400, 800, 784, 800, 704, 560, 736, 384, 544, 768, 640, 800, 928, 704, 720, 512, 170, 526, 352, 928, 800, 352, 1248, 304, 352, 424, 336, 272, 736, 1200, 512, 974]
235 page: [304, 880, 1056, 1120, 1152, 1056, 1056, 1376, 1184, 1056, 1184, 1376, 1504, 1056, 464, 448, 1408, 512, 160, 232, 510, 567, 955, 1020, 1130, 640, 1072, 196, 896, 569, 667, 317, 432, 413, 320, 416, 224, 445, 512, 128, 544, 320, 256]
236 page: [192, 320, 320, 352, 432, 352, 640, 288, 256, 192, 288, 320, 351, 287, 576, 320, 288, 288, 192, 255, 255, 352, 384, 224, 192, 320, 192, 448, 320, 320, 256, 352, 224, 384, 288, 223, 351, 704, 288, 320, 176, 352, 320, 288, 288, 256, 304, 240]
237 page: [176, 384, 320, 192, 384, 352, 704, 256, 640, 320, 480, 320, 352, 192, 256, 320, 256, 416, 448, 416, 496, 288, 384, 448, 224, 480, 448, 576, 384, 509, 448, 416, 256, 416, 224, 384, 320, 334, 768, 304, 640, 352, 208, 560, 384, 576, 320, 240]
238 page: [352, 320, 640, 512, 348, 272, 640, 656, 446, 640, 224, 192, 1056, 608, 640, 510, 528, 256, 542, 208, 168, 224, 448, 480, 416, 448, 544, 896, 400, 288, 544, 688, 320, 544, 480, 640, 160, 336, 240, 400, 448, 512, 640, 672, 320, 382, 52]
239 page: [512, 640, 784, 512, 432, 304, 768, 304, 160, 192, 320, 640, 191, 416, 944, 432, 496, 1168, 1273, 704, 960, 38, 1296, 762, 892, 478, 856, 256, 260, 298, 544, 3456, 256, 352, 288, 224, 256, 352, 633, 320, 256, 640, 256]
240 page: [544, 221, 448, 256, 352, 256, 448, 576, 576, 352, 288, 288, 240, 352, 288, 224, 224, 288, 400, 320, 224, 640, 480, 448, 224, 352, 384, 864, 224, 224, 592, 320, 448, 416, 640, 416, 315, 384, 320, 320, 704, 320, 544, 192, 640]
241 page: [352, 336, 608, 512, 448, 672, 640, 496, 640, 640, 480, 640, 224, 640, 640, 384, 186, 544, 352, 848, 640, 112, 96, 576, 160, 224, 352, 448, 544, 384, 316, 32, 528, 848, 768, 400, 864, 704, 608, 480, 192, 640, 224, 768, 768, 287]
242 page: [640, 576, 704, 704, 320, 320, 480, 736, 608, 320, 736, 704, 928, 704, 1248, 576, 1280, 560, 28, 464, 864, 736, 864, 640, 736, 1264, 928, 512, 303, 304, 304, 480, 304, 680, 600, 479, 1216, 60, 1131, 72, 198, 1213, 296, 1568, 2539, 624]
243 page: [482, 288, 288, 192, 384, 384, 192, 240, 256, 288, 349, 320, 480, 255, 190, 288, 224, 544, 544, 224, 320, 160, 288, 400, 384, 224, 368, 252, 288, 320, 256, 128, 544, 384, 144, 352, 352, 286, 608, 496, 416, 448]
244 page: [384, 608, 672, 494, 480, 448, 480, 384, 252, 448, 416, 480, 638, 608, 192, 448, 608, 512, 256, 320, 768, 320, 608, 224, 320, 282, 352, 928, 640, 544, 320, 736, 736, 736, 832, 380, 272, 320, 192, 384, 928, 480, 672, 480, 528, 768]
245 page: [736, 496, 144, 640, 816, 480, 784, 608, 608, 832, 464, 864, 702, 336, 640, 232, 240, 264, 173, 640, 304, 464, 656, 184, 416, 800, 448, 1278, 928, 960, 1184, 664, 1230, 798, 1278, 304, 269, 567, 512, 320, 288, 190, 159]
246 page: [420, 317, 252, 304, 286, 272, 320, 272, 288, 126, 128, 608, 320, 192, 304, 512, 672, 448, 736, 448, 448, 448, 416, 544, 160, 732, 544, 413, 361, 288, 160, 397, 512, 352, 384, 496, 608, 416, 624, 416, 800, 592, 736, 784, 264, 800, 432, 800]
247 page: [606, 832, 704, 221, 928, 816, 512, 928, 1150, 447, 248, 167, 1231, 1279, 1277, 1247, 928, 2558, 2485, 208, 672, 224, 320, 333, 380, 352, 192, 304, 272, 416, 592, 650, 416, 224, 336, 704, 386, 327, 832, 448, 864, 384, 784]
248 page: [542, 530, 734, 1183, 1054, 1248, 1279, 1184, 672, 192, 640, 480, 640, 448, 640, 576, 191, 560, 640, 656, 688, 640, 512, 656, 352, 736, 608, 416, 560, 536, 506, 512, 288, 640, 800, 384, 640, 640, 368, 326, 752, 864, 864, 796]
249 page: [1154, 136, 240, 128, 544, 416, 640, 528, 672, 608, 800, 640, 480, 608, 800, 640, 800, 624, 640, 800, 736, 384, 400, 336, 97, 640, 928, 208, 240, 240, 384, 320, 272, 512, 352, 592, 606]
250 page: [292, 288, 720, 768, 939, 928, 739, 608, 240, 256, 416, 464, 400, 576, 960, 896, 928, 406, 832, 608, 399, 336, 318, 494, 664, 375, 839, 432, 688, 448, 783, 351]
251 page: [615, 575, 703, 448, 511, 671, 584, 4, 4, 4, 4, 4, 256, 320, 704, 768, 960, 992, 100, 100, 544, 142, 142, 184, 140, 136, 146, 148, 150, 116, 136, 138, 172, 194, 128, 178, 150, 206, 214, 186]
252 page: [168, 158, 194, 168, 146, 200, 236, 196, 218, 180, 120, 126, 220, 264, 383, 214, 134, 382, 214, 162, 320, 278, 218, 166, 198, 210, 202, 218, 388, 374, 402, 274, 476, 368, 284, 318, 398, 486, 623, 298, 330]
253 page: [268, 174, 290, 594, 348, 356, 442, 418, 648, 652, 662, 752, 928, 928]
